1.0    0.0    0
1.0    0.00016666666666666666    0
1.0    0.0003333333333333333    0
1.0    0.0005    0
1.0    0.0006666666666666666    0
1.0    0.0008333333333333333    0
1.0    0.001    0
1.0    0.0011666666666666665    0
1.0    0.0013333333333333333    0
1.0    0.0015    0
1.0    0.0016666666666666666    0
1.0    0.0018333333333333333    0
1.0    0.002    0
1.0    0.0021666666666666666    0
1.0    0.002333333333333333    0
1.0    0.0025    0
1.0571428571428572    0.0    0
1.0571428571428572    0.00016666666666666666    0
1.0571428571428572    0.0003333333333333333    0
1.0571428571428572    0.0005    0
1.0571428571428572    0.0006666666666666666    0
1.0571428571428572    0.0008333333333333333    0
1.0571428571428572    0.001    0
1.0571428571428572    0.0011666666666666665    0
1.0571428571428572    0.0013333333333333333    0
1.0571428571428572    0.0015    0
1.0571428571428572    0.0016666666666666666    0
1.0571428571428572    0.0018333333333333333    0
1.0571428571428572    0.002    0
1.0571428571428572    0.0021666666666666666    0
1.0571428571428572    0.002333333333333333    0
1.0571428571428572    0.0025    0
1.1142857142857143    0.0    0
1.1142857142857143    0.00016666666666666666    0
1.1142857142857143    0.0003333333333333333    0
1.1142857142857143    0.0005    0
1.1142857142857143    0.0006666666666666666    0
1.1142857142857143    0.0008333333333333333    0
1.1142857142857143    0.001    0
1.1142857142857143    0.0011666666666666665    0
1.1142857142857143    0.0013333333333333333    0
1.1142857142857143    0.0015    0
1.1142857142857143    0.0016666666666666666    0
1.1142857142857143    0.0018333333333333333    0
1.1142857142857143    0.002    0
1.1142857142857143    0.0021666666666666666    0
1.1142857142857143    0.002333333333333333    0
1.1142857142857143    0.0025    0
1.1714285714285715    0.0    0
1.1714285714285715    0.00016666666666666666    0
1.1714285714285715    0.0003333333333333333    0
1.1714285714285715    0.0005    0
1.1714285714285715    0.0006666666666666666    0
1.1714285714285715    0.0008333333333333333    0
1.1714285714285715    0.001    0
1.1714285714285715    0.0011666666666666665    0
1.1714285714285715    0.0013333333333333333    0
1.1714285714285715    0.0015    0
1.1714285714285715    0.0016666666666666666    0
1.1714285714285715    0.0018333333333333333    0
1.1714285714285715    0.002    0
1.1714285714285715    0.0021666666666666666    0
1.1714285714285715    0.002333333333333333    0
1.1714285714285715    0.0025    0
1.2285714285714286    0.0    0
1.2285714285714286    0.00016666666666666666    0
1.2285714285714286    0.0003333333333333333    0
1.2285714285714286    0.0005    0
1.2285714285714286    0.0006666666666666666    0
1.2285714285714286    0.0008333333333333333    0
1.2285714285714286    0.001    0
1.2285714285714286    0.0011666666666666665    0
1.2285714285714286    0.0013333333333333333    0
1.2285714285714286    0.0015    0
1.2285714285714286    0.0016666666666666666    0
1.2285714285714286    0.0018333333333333333    0
1.2285714285714286    0.002    0
1.2285714285714286    0.0021666666666666666    0
1.2285714285714286    0.002333333333333333    0
1.2285714285714286    0.0025    0
1.2857142857142858    0.0    0
1.2857142857142858    0.00016666666666666666    0
1.2857142857142858    0.0003333333333333333    0
1.2857142857142858    0.0005    0
1.2857142857142858    0.0006666666666666666    0
1.2857142857142858    0.0008333333333333333    0
1.2857142857142858    0.001    0
1.2857142857142858    0.0011666666666666665    0
1.2857142857142858    0.0013333333333333333    0
1.2857142857142858    0.0015    0
1.2857142857142858    0.0016666666666666666    0
1.2857142857142858    0.0018333333333333333    0
1.2857142857142858    0.002    0
1.2857142857142858    0.0021666666666666666    0
1.2857142857142858    0.002333333333333333    0
1.2857142857142858    0.0025    0
1.342857142857143    0.0    1
1.342857142857143    0.00016666666666666666    1
1.342857142857143    0.0003333333333333333    1
1.342857142857143    0.0005    1
1.342857142857143    0.0006666666666666666    1
1.342857142857143    0.0008333333333333333    1
1.342857142857143    0.001    1
1.342857142857143    0.0011666666666666665    1
1.342857142857143    0.0013333333333333333    1
1.342857142857143    0.0015    0
1.342857142857143    0.0016666666666666666    0
1.342857142857143    0.0018333333333333333    0
1.342857142857143    0.002    0
1.342857142857143    0.0021666666666666666    0
1.342857142857143    0.002333333333333333    0
1.342857142857143    0.0025    0
1.4    0.0    1
1.4    0.00016666666666666666    1
1.4    0.0003333333333333333    1
1.4    0.0005    1
1.4    0.0006666666666666666    1
1.4    0.0008333333333333333    1
1.4    0.001    1
1.4    0.0011666666666666665    1
1.4    0.0013333333333333333    1
1.4    0.0015    1
1.4    0.0016666666666666666    1
1.4    0.0018333333333333333    1
1.4    0.002    1
1.4    0.0021666666666666666    1
1.4    0.002333333333333333    1
1.4    0.0025    1
1.4571428571428573    0.0    1
1.4571428571428573    0.00016666666666666666    1
1.4571428571428573    0.0003333333333333333    1
1.4571428571428573    0.0005    1
1.4571428571428573    0.0006666666666666666    1
1.4571428571428573    0.0008333333333333333    1
1.4571428571428573    0.001    1
1.4571428571428573    0.0011666666666666665    1
1.4571428571428573    0.0013333333333333333    1
1.4571428571428573    0.0015    1
1.4571428571428573    0.0016666666666666666    1
1.4571428571428573    0.0018333333333333333    1
1.4571428571428573    0.002    1
1.4571428571428573    0.0021666666666666666    1
1.4571428571428573    0.002333333333333333    1
1.4571428571428573    0.0025    1
1.5142857142857142    0.0    1
1.5142857142857142    0.00016666666666666666    1
1.5142857142857142    0.0003333333333333333    1
1.5142857142857142    0.0005    1
1.5142857142857142    0.0006666666666666666    1
1.5142857142857142    0.0008333333333333333    1
1.5142857142857142    0.001    1
1.5142857142857142    0.0011666666666666665    1
1.5142857142857142    0.0013333333333333333    1
1.5142857142857142    0.0015    1
1.5142857142857142    0.0016666666666666666    1
1.5142857142857142    0.0018333333333333333    1
1.5142857142857142    0.002    1
1.5142857142857142    0.0021666666666666666    1
1.5142857142857142    0.002333333333333333    1
1.5142857142857142    0.0025    1
1.5714285714285716    0.0    1
1.5714285714285716    0.00016666666666666666    1
1.5714285714285716    0.0003333333333333333    1
1.5714285714285716    0.0005    1
1.5714285714285716    0.0006666666666666666    1
1.5714285714285716    0.0008333333333333333    1
1.5714285714285716    0.001    1
1.5714285714285716    0.0011666666666666665    1
1.5714285714285716    0.0013333333333333333    1
1.5714285714285716    0.0015    1
1.5714285714285716    0.0016666666666666666    1
1.5714285714285716    0.0018333333333333333    1
1.5714285714285716    0.002    1
1.5714285714285716    0.0021666666666666666    1
1.5714285714285716    0.002333333333333333    1
1.5714285714285716    0.0025    1
1.6285714285714286    0.0    1
1.6285714285714286    0.00016666666666666666    1
1.6285714285714286    0.0003333333333333333    1
1.6285714285714286    0.0005    1
1.6285714285714286    0.0006666666666666666    1
1.6285714285714286    0.0008333333333333333    1
1.6285714285714286    0.001    1
1.6285714285714286    0.0011666666666666665    1
1.6285714285714286    0.0013333333333333333    1
1.6285714285714286    0.0015    1
1.6285714285714286    0.0016666666666666666    1
1.6285714285714286    0.0018333333333333333    1
1.6285714285714286    0.002    1
1.6285714285714286    0.0021666666666666666    1
1.6285714285714286    0.002333333333333333    1
1.6285714285714286    0.0025    1
1.6857142857142857    0.0    1
1.6857142857142857    0.00016666666666666666    1
1.6857142857142857    0.0003333333333333333    1
1.6857142857142857    0.0005    1
1.6857142857142857    0.0006666666666666666    1
1.6857142857142857    0.0008333333333333333    1
1.6857142857142857    0.001    1
1.6857142857142857    0.0011666666666666665    1
1.6857142857142857    0.0013333333333333333    1
1.6857142857142857    0.0015    1
1.6857142857142857    0.0016666666666666666    1
1.6857142857142857    0.0018333333333333333    1
1.6857142857142857    0.002    1
1.6857142857142857    0.0021666666666666666    1
1.6857142857142857    0.002333333333333333    1
1.6857142857142857    0.0025    1
1.7428571428571429    0.0    1
1.7428571428571429    0.00016666666666666666    1
1.7428571428571429    0.0003333333333333333    1
1.7428571428571429    0.0005    1
1.7428571428571429    0.0006666666666666666    1
1.7428571428571429    0.0008333333333333333    1
1.7428571428571429    0.001    1
1.7428571428571429    0.0011666666666666665    1
1.7428571428571429    0.0013333333333333333    1
1.7428571428571429    0.0015    1
1.7428571428571429    0.0016666666666666666    1
1.7428571428571429    0.0018333333333333333    1
1.7428571428571429    0.002    1
1.7428571428571429    0.0021666666666666666    1
1.7428571428571429    0.002333333333333333    1
1.7428571428571429    0.0025    1
1.8    0.0    0
1.8    0.00016666666666666666    0
1.8    0.0003333333333333333    0
1.8    0.0005    0
1.8    0.0006666666666666666    0
1.8    0.0008333333333333333    0
1.8    0.001    0
1.8    0.0011666666666666665    0
1.8    0.0013333333333333333    0
1.8    0.0015    0
1.8    0.0016666666666666666    0
1.8    0.0018333333333333333    0
1.8    0.002    0
1.8    0.0021666666666666666    0
1.8    0.002333333333333333    0
1.8    0.0025    0
1.0    0.0026666    0
1.0    0.0028221599999999998    0
1.0    0.0029777199999999997    0
1.0    0.00313328    0
1.0    0.00328884    0
1.0    0.0034444    0
1.0    0.00359996    0
1.0    0.00375552    0
1.0    0.00391108    0
1.0    0.00406664    0
1.0    0.0042222    0
1.0    0.00437776    0
1.0    0.00453332    0
1.0    0.0046888799999999994    0
1.0    0.00484444    0
1.0    0.005    0
1.0571428571428572    0.0026666    0
1.0571428571428572    0.0028221599999999998    0
1.0571428571428572    0.0029777199999999997    0
1.0571428571428572    0.00313328    0
1.0571428571428572    0.00328884    0
1.0571428571428572    0.0034444    0
1.0571428571428572    0.00359996    0
1.0571428571428572    0.00375552    0
1.0571428571428572    0.00391108    0
1.0571428571428572    0.00406664    0
1.0571428571428572    0.0042222    0
1.0571428571428572    0.00437776    0
1.0571428571428572    0.00453332    0
1.0571428571428572    0.0046888799999999994    0
1.0571428571428572    0.00484444    0
1.0571428571428572    0.005    0
1.1142857142857143    0.0026666    0
1.1142857142857143    0.0028221599999999998    0
1.1142857142857143    0.0029777199999999997    0
1.1142857142857143    0.00313328    0
1.1142857142857143    0.00328884    0
1.1142857142857143    0.0034444    0
1.1142857142857143    0.00359996    0
1.1142857142857143    0.00375552    0
1.1142857142857143    0.00391108    0
1.1142857142857143    0.00406664    0
1.1142857142857143    0.0042222    0
1.1142857142857143    0.00437776    0
1.1142857142857143    0.00453332    0
1.1142857142857143    0.0046888799999999994    0
1.1142857142857143    0.00484444    0
1.1142857142857143    0.005    0
1.1714285714285715    0.0026666    0
1.1714285714285715    0.0028221599999999998    0
1.1714285714285715    0.0029777199999999997    0
1.1714285714285715    0.00313328    0
1.1714285714285715    0.00328884    0
1.1714285714285715    0.0034444    0
1.1714285714285715    0.00359996    0
1.1714285714285715    0.00375552    0
1.1714285714285715    0.00391108    0
1.1714285714285715    0.00406664    0
1.1714285714285715    0.0042222    0
1.1714285714285715    0.00437776    0
1.1714285714285715    0.00453332    0
1.1714285714285715    0.0046888799999999994    0
1.1714285714285715    0.00484444    0
1.1714285714285715    0.005    0
1.2285714285714286    0.0026666    0
1.2285714285714286    0.0028221599999999998    0
1.2285714285714286    0.0029777199999999997    0
1.2285714285714286    0.00313328    0
1.2285714285714286    0.00328884    0
1.2285714285714286    0.0034444    0
1.2285714285714286    0.00359996    0
1.2285714285714286    0.00375552    0
1.2285714285714286    0.00391108    0
1.2285714285714286    0.00406664    0
1.2285714285714286    0.0042222    0
1.2285714285714286    0.00437776    0
1.2285714285714286    0.00453332    0
1.2285714285714286    0.0046888799999999994    0
1.2285714285714286    0.00484444    0
1.2285714285714286    0.005    0
1.2857142857142858    0.0026666    0
1.2857142857142858    0.0028221599999999998    0
1.2857142857142858    0.0029777199999999997    0
1.2857142857142858    0.00313328    0
1.2857142857142858    0.00328884    0
1.2857142857142858    0.0034444    0
1.2857142857142858    0.00359996    0
1.2857142857142858    0.00375552    0
1.2857142857142858    0.00391108    0
1.2857142857142858    0.00406664    0
1.2857142857142858    0.0042222    0
1.2857142857142858    0.00437776    0
1.2857142857142858    0.00453332    0
1.2857142857142858    0.0046888799999999994    0
1.2857142857142858    0.00484444    0
1.2857142857142858    0.005    0
1.342857142857143    0.0026666    0
1.342857142857143    0.0028221599999999998    0
1.342857142857143    0.0029777199999999997    0
1.342857142857143    0.00313328    0
1.342857142857143    0.00328884    0
1.342857142857143    0.0034444    0
1.342857142857143    0.00359996    0
1.342857142857143    0.00375552    0
1.342857142857143    0.00391108    0
1.342857142857143    0.00406664    0
1.342857142857143    0.0042222    0
1.342857142857143    0.00437776    0
1.342857142857143    0.00453332    0
1.342857142857143    0.0046888799999999994    0
1.342857142857143    0.00484444    0
1.342857142857143    0.005    0
1.4    0.0026666    1
1.4    0.0028221599999999998    1
1.4    0.0029777199999999997    1
1.4    0.00313328    1
1.4    0.00328884    1
1.4    0.0034444    1
1.4    0.00359996    1
1.4    0.00375552    1
1.4    0.00391108    1
1.4    0.00406664    1
1.4    0.0042222    1
1.4    0.00437776    1
1.4    0.00453332    1
1.4    0.0046888799999999994    1
1.4    0.00484444    1
1.4    0.005    1
1.4571428571428573    0.0026666    1
1.4571428571428573    0.0028221599999999998    1
1.4571428571428573    0.0029777199999999997    1
1.4571428571428573    0.00313328    1
1.4571428571428573    0.00328884    1
1.4571428571428573    0.0034444    1
1.4571428571428573    0.00359996    1
1.4571428571428573    0.00375552    1
1.4571428571428573    0.00391108    1
1.4571428571428573    0.00406664    1
1.4571428571428573    0.0042222    1
1.4571428571428573    0.00437776    1
1.4571428571428573    0.00453332    1
1.4571428571428573    0.0046888799999999994    1
1.4571428571428573    0.00484444    1
1.4571428571428573    0.005    1
1.5142857142857142    0.0026666    1
1.5142857142857142    0.0028221599999999998    1
1.5142857142857142    0.0029777199999999997    1
1.5142857142857142    0.00313328    1
1.5142857142857142    0.00328884    1
1.5142857142857142    0.0034444    1
1.5142857142857142    0.00359996    1
1.5142857142857142    0.00375552    1
1.5142857142857142    0.00391108    1
1.5142857142857142    0.00406664    1
1.5142857142857142    0.0042222    1
1.5142857142857142    0.00437776    1
1.5142857142857142    0.00453332    1
1.5142857142857142    0.0046888799999999994    1
1.5142857142857142    0.00484444    1
1.5142857142857142    0.005    1
1.5714285714285716    0.0026666    1
1.5714285714285716    0.0028221599999999998    1
1.5714285714285716    0.0029777199999999997    1
1.5714285714285716    0.00313328    1
1.5714285714285716    0.00328884    1
1.5714285714285716    0.0034444    1
1.5714285714285716    0.00359996    1
1.5714285714285716    0.00375552    1
1.5714285714285716    0.00391108    1
1.5714285714285716    0.00406664    1
1.5714285714285716    0.0042222    1
1.5714285714285716    0.00437776    1
1.5714285714285716    0.00453332    1
1.5714285714285716    0.0046888799999999994    1
1.5714285714285716    0.00484444    1
1.5714285714285716    0.005    1
1.6285714285714286    0.0026666    1
1.6285714285714286    0.0028221599999999998    1
1.6285714285714286    0.0029777199999999997    1
1.6285714285714286    0.00313328    1
1.6285714285714286    0.00328884    1
1.6285714285714286    0.0034444    1
1.6285714285714286    0.00359996    1
1.6285714285714286    0.00375552    1
1.6285714285714286    0.00391108    1
1.6285714285714286    0.00406664    1
1.6285714285714286    0.0042222    1
1.6285714285714286    0.00437776    1
1.6285714285714286    0.00453332    1
1.6285714285714286    0.0046888799999999994    1
1.6285714285714286    0.00484444    1
1.6285714285714286    0.005    1
1.6857142857142857    0.0026666    1
1.6857142857142857    0.0028221599999999998    1
1.6857142857142857    0.0029777199999999997    1
1.6857142857142857    0.00313328    1
1.6857142857142857    0.00328884    1
1.6857142857142857    0.0034444    1
1.6857142857142857    0.00359996    1
1.6857142857142857    0.00375552    1
1.6857142857142857    0.00391108    1
1.6857142857142857    0.00406664    1
1.6857142857142857    0.0042222    1
1.6857142857142857    0.00437776    1
1.6857142857142857    0.00453332    1
1.6857142857142857    0.0046888799999999994    1
1.6857142857142857    0.00484444    1
1.6857142857142857    0.005    1
1.7428571428571429    0.0026666    1
1.7428571428571429    0.0028221599999999998    1
1.7428571428571429    0.0029777199999999997    1
1.7428571428571429    0.00313328    1
1.7428571428571429    0.00328884    1
1.7428571428571429    0.0034444    1
1.7428571428571429    0.00359996    1
1.7428571428571429    0.00375552    1
1.7428571428571429    0.00391108    1
1.7428571428571429    0.00406664    1
1.7428571428571429    0.0042222    0
1.7428571428571429    0.00437776    0
1.7428571428571429    0.00453332    0
1.7428571428571429    0.0046888799999999994    0
1.7428571428571429    0.00484444    0
1.7428571428571429    0.005    0
1.8    0.0026666    0
1.8    0.0028221599999999998    0
1.8    0.0029777199999999997    0
1.8    0.00313328    0
1.8    0.00328884    0
1.8    0.0034444    0
1.8    0.00359996    0
1.8    0.00375552    0
1.8    0.00391108    0
1.8    0.00406664    0
1.8    0.0042222    0
1.8    0.00437776    0
1.8    0.00453332    0
1.8    0.0046888799999999994    0
1.8    0.00484444    0
1.8    0.005    0
1.0    0.0051666    0
1.0    0.00532216    0
1.0    0.00547772    0
1.0    0.00563328    0
1.0    0.00578884    0
1.0    0.0059444    0
1.0    0.00609996    0
1.0    0.0062555200000000005    0
1.0    0.0064110799999999996    0
1.0    0.00656664    0
1.0    0.006722199999999999    0
1.0    0.00687776    0
1.0    0.00703332    0
1.0    0.00718888    0
1.0    0.00734444    0
1.0    0.0075    0
1.0571428571428572    0.0051666    0
1.0571428571428572    0.00532216    0
1.0571428571428572    0.00547772    0
1.0571428571428572    0.00563328    0
1.0571428571428572    0.00578884    0
1.0571428571428572    0.0059444    0
1.0571428571428572    0.00609996    0
1.0571428571428572    0.0062555200000000005    0
1.0571428571428572    0.0064110799999999996    0
1.0571428571428572    0.00656664    0
1.0571428571428572    0.006722199999999999    0
1.0571428571428572    0.00687776    0
1.0571428571428572    0.00703332    0
1.0571428571428572    0.00718888    0
1.0571428571428572    0.00734444    0
1.0571428571428572    0.0075    0
1.1142857142857143    0.0051666    0
1.1142857142857143    0.00532216    0
1.1142857142857143    0.00547772    0
1.1142857142857143    0.00563328    0
1.1142857142857143    0.00578884    0
1.1142857142857143    0.0059444    0
1.1142857142857143    0.00609996    0
1.1142857142857143    0.0062555200000000005    0
1.1142857142857143    0.0064110799999999996    0
1.1142857142857143    0.00656664    0
1.1142857142857143    0.006722199999999999    0
1.1142857142857143    0.00687776    0
1.1142857142857143    0.00703332    0
1.1142857142857143    0.00718888    0
1.1142857142857143    0.00734444    0
1.1142857142857143    0.0075    0
1.1714285714285715    0.0051666    0
1.1714285714285715    0.00532216    0
1.1714285714285715    0.00547772    0
1.1714285714285715    0.00563328    0
1.1714285714285715    0.00578884    0
1.1714285714285715    0.0059444    0
1.1714285714285715    0.00609996    0
1.1714285714285715    0.0062555200000000005    0
1.1714285714285715    0.0064110799999999996    0
1.1714285714285715    0.00656664    0
1.1714285714285715    0.006722199999999999    0
1.1714285714285715    0.00687776    0
1.1714285714285715    0.00703332    0
1.1714285714285715    0.00718888    0
1.1714285714285715    0.00734444    0
1.1714285714285715    0.0075    0
1.2285714285714286    0.0051666    0
1.2285714285714286    0.00532216    0
1.2285714285714286    0.00547772    0
1.2285714285714286    0.00563328    0
1.2285714285714286    0.00578884    0
1.2285714285714286    0.0059444    0
1.2285714285714286    0.00609996    0
1.2285714285714286    0.0062555200000000005    0
1.2285714285714286    0.0064110799999999996    0
1.2285714285714286    0.00656664    0
1.2285714285714286    0.006722199999999999    0
1.2285714285714286    0.00687776    0
1.2285714285714286    0.00703332    0
1.2285714285714286    0.00718888    0
1.2285714285714286    0.00734444    0
1.2285714285714286    0.0075    0
1.2857142857142858    0.0051666    0
1.2857142857142858    0.00532216    0
1.2857142857142858    0.00547772    0
1.2857142857142858    0.00563328    0
1.2857142857142858    0.00578884    0
1.2857142857142858    0.0059444    0
1.2857142857142858    0.00609996    0
1.2857142857142858    0.0062555200000000005    0
1.2857142857142858    0.0064110799999999996    0
1.2857142857142858    0.00656664    0
1.2857142857142858    0.006722199999999999    0
1.2857142857142858    0.00687776    0
1.2857142857142858    0.00703332    0
1.2857142857142858    0.00718888    0
1.2857142857142858    0.00734444    0
1.2857142857142858    0.0075    0
1.342857142857143    0.0051666    0
1.342857142857143    0.00532216    0
1.342857142857143    0.00547772    0
1.342857142857143    0.00563328    0
1.342857142857143    0.00578884    0
1.342857142857143    0.0059444    0
1.342857142857143    0.00609996    0
1.342857142857143    0.0062555200000000005    0
1.342857142857143    0.0064110799999999996    0
1.342857142857143    0.00656664    0
1.342857142857143    0.006722199999999999    0
1.342857142857143    0.00687776    0
1.342857142857143    0.00703332    0
1.342857142857143    0.00718888    0
1.342857142857143    0.00734444    0
1.342857142857143    0.0075    0
1.4    0.0051666    1
1.4    0.00532216    1
1.4    0.00547772    1
1.4    0.00563328    1
1.4    0.00578884    1
1.4    0.0059444    1
1.4    0.00609996    1
1.4    0.0062555200000000005    1
1.4    0.0064110799999999996    1
1.4    0.00656664    1
1.4    0.006722199999999999    1
1.4    0.00687776    1
1.4    0.00703332    1
1.4    0.00718888    1
1.4    0.00734444    1
1.4    0.0075    1
1.4571428571428573    0.0051666    1
1.4571428571428573    0.00532216    1
1.4571428571428573    0.00547772    1
1.4571428571428573    0.00563328    1
1.4571428571428573    0.00578884    1
1.4571428571428573    0.0059444    1
1.4571428571428573    0.00609996    1
1.4571428571428573    0.0062555200000000005    1
1.4571428571428573    0.0064110799999999996    1
1.4571428571428573    0.00656664    1
1.4571428571428573    0.006722199999999999    1
1.4571428571428573    0.00687776    1
1.4571428571428573    0.00703332    1
1.4571428571428573    0.00718888    1
1.4571428571428573    0.00734444    1
1.4571428571428573    0.0075    1
1.5142857142857142    0.0051666    1
1.5142857142857142    0.00532216    1
1.5142857142857142    0.00547772    1
1.5142857142857142    0.00563328    1
1.5142857142857142    0.00578884    1
1.5142857142857142    0.0059444    1
1.5142857142857142    0.00609996    1
1.5142857142857142    0.0062555200000000005    1
1.5142857142857142    0.0064110799999999996    1
1.5142857142857142    0.00656664    1
1.5142857142857142    0.006722199999999999    1
1.5142857142857142    0.00687776    1
1.5142857142857142    0.00703332    1
1.5142857142857142    0.00718888    1
1.5142857142857142    0.00734444    1
1.5142857142857142    0.0075    1
1.5714285714285716    0.0051666    1
1.5714285714285716    0.00532216    1
1.5714285714285716    0.00547772    1
1.5714285714285716    0.00563328    1
1.5714285714285716    0.00578884    1
1.5714285714285716    0.0059444    1
1.5714285714285716    0.00609996    1
1.5714285714285716    0.0062555200000000005    1
1.5714285714285716    0.0064110799999999996    1
1.5714285714285716    0.00656664    1
1.5714285714285716    0.006722199999999999    1
1.5714285714285716    0.00687776    1
1.5714285714285716    0.00703332    1
1.5714285714285716    0.00718888    1
1.5714285714285716    0.00734444    1
1.5714285714285716    0.0075    1
1.6285714285714286    0.0051666    1
1.6285714285714286    0.00532216    1
1.6285714285714286    0.00547772    1
1.6285714285714286    0.00563328    1
1.6285714285714286    0.00578884    1
1.6285714285714286    0.0059444    1
1.6285714285714286    0.00609996    1
1.6285714285714286    0.0062555200000000005    1
1.6285714285714286    0.0064110799999999996    1
1.6285714285714286    0.00656664    1
1.6285714285714286    0.006722199999999999    1
1.6285714285714286    0.00687776    1
1.6285714285714286    0.00703332    1
1.6285714285714286    0.00718888    1
1.6285714285714286    0.00734444    1
1.6285714285714286    0.0075    1
1.6857142857142857    0.0051666    1
1.6857142857142857    0.00532216    1
1.6857142857142857    0.00547772    1
1.6857142857142857    0.00563328    1
1.6857142857142857    0.00578884    1
1.6857142857142857    0.0059444    1
1.6857142857142857    0.00609996    1
1.6857142857142857    0.0062555200000000005    1
1.6857142857142857    0.0064110799999999996    1
1.6857142857142857    0.00656664    1
1.6857142857142857    0.006722199999999999    1
1.6857142857142857    0.00687776    1
1.6857142857142857    0.00703332    1
1.6857142857142857    0.00718888    1
1.6857142857142857    0.00734444    1
1.6857142857142857    0.0075    1
1.7428571428571429    0.0051666    0
1.7428571428571429    0.00532216    0
1.7428571428571429    0.00547772    0
1.7428571428571429    0.00563328    0
1.7428571428571429    0.00578884    0
1.7428571428571429    0.0059444    0
1.7428571428571429    0.00609996    0
1.7428571428571429    0.0062555200000000005    0
1.7428571428571429    0.0064110799999999996    0
1.7428571428571429    0.00656664    0
1.7428571428571429    0.006722199999999999    0
1.7428571428571429    0.00687776    0
1.7428571428571429    0.00703332    0
1.7428571428571429    0.00718888    0
1.7428571428571429    0.00734444    0
1.7428571428571429    0.0075    0
1.8    0.0051666    0
1.8    0.00532216    0
1.8    0.00547772    0
1.8    0.00563328    0
1.8    0.00578884    0
1.8    0.0059444    0
1.8    0.00609996    0
1.8    0.0062555200000000005    0
1.8    0.0064110799999999996    0
1.8    0.00656664    0
1.8    0.006722199999999999    0
1.8    0.00687776    0
1.8    0.00703332    0
1.8    0.00718888    0
1.8    0.00734444    0
1.8    0.0075    0
1.0    0.0076666    0
1.0    0.00782216    0
1.0    0.00797772    0
1.0    0.00813328    0
1.0    0.00828884    0
1.0    0.0084444    0
1.0    0.00859996    0
1.0    0.00875552    0
1.0    0.00891108    0
1.0    0.00906664    0
1.0    0.0092222    0
1.0    0.00937776    0
1.0    0.00953332    0
1.0    0.00968888    0
1.0    0.00984444    0
1.0    0.01    0
1.0571428571428572    0.0076666    0
1.0571428571428572    0.00782216    0
1.0571428571428572    0.00797772    0
1.0571428571428572    0.00813328    0
1.0571428571428572    0.00828884    0
1.0571428571428572    0.0084444    0
1.0571428571428572    0.00859996    0
1.0571428571428572    0.00875552    0
1.0571428571428572    0.00891108    0
1.0571428571428572    0.00906664    0
1.0571428571428572    0.0092222    0
1.0571428571428572    0.00937776    0
1.0571428571428572    0.00953332    0
1.0571428571428572    0.00968888    0
1.0571428571428572    0.00984444    0
1.0571428571428572    0.01    0
1.1142857142857143    0.0076666    0
1.1142857142857143    0.00782216    0
1.1142857142857143    0.00797772    0
1.1142857142857143    0.00813328    0
1.1142857142857143    0.00828884    0
1.1142857142857143    0.0084444    0
1.1142857142857143    0.00859996    0
1.1142857142857143    0.00875552    0
1.1142857142857143    0.00891108    0
1.1142857142857143    0.00906664    0
1.1142857142857143    0.0092222    0
1.1142857142857143    0.00937776    0
1.1142857142857143    0.00953332    0
1.1142857142857143    0.00968888    0
1.1142857142857143    0.00984444    0
1.1142857142857143    0.01    0
1.1714285714285715    0.0076666    0
1.1714285714285715    0.00782216    0
1.1714285714285715    0.00797772    0
1.1714285714285715    0.00813328    0
1.1714285714285715    0.00828884    0
1.1714285714285715    0.0084444    0
1.1714285714285715    0.00859996    0
1.1714285714285715    0.00875552    0
1.1714285714285715    0.00891108    0
1.1714285714285715    0.00906664    0
1.1714285714285715    0.0092222    0
1.1714285714285715    0.00937776    0
1.1714285714285715    0.00953332    0
1.1714285714285715    0.00968888    0
1.1714285714285715    0.00984444    0
1.1714285714285715    0.01    0
1.2285714285714286    0.0076666    0
1.2285714285714286    0.00782216    0
1.2285714285714286    0.00797772    0
1.2285714285714286    0.00813328    0
1.2285714285714286    0.00828884    0
1.2285714285714286    0.0084444    0
1.2285714285714286    0.00859996    0
1.2285714285714286    0.00875552    0
1.2285714285714286    0.00891108    0
1.2285714285714286    0.00906664    0
1.2285714285714286    0.0092222    0
1.2285714285714286    0.00937776    0
1.2285714285714286    0.00953332    0
1.2285714285714286    0.00968888    0
1.2285714285714286    0.00984444    0
1.2285714285714286    0.01    0
1.2857142857142858    0.0076666    0
1.2857142857142858    0.00782216    0
1.2857142857142858    0.00797772    0
1.2857142857142858    0.00813328    0
1.2857142857142858    0.00828884    0
1.2857142857142858    0.0084444    0
1.2857142857142858    0.00859996    0
1.2857142857142858    0.00875552    0
1.2857142857142858    0.00891108    0
1.2857142857142858    0.00906664    0
1.2857142857142858    0.0092222    0
1.2857142857142858    0.00937776    0
1.2857142857142858    0.00953332    0
1.2857142857142858    0.00968888    0
1.2857142857142858    0.00984444    0
1.2857142857142858    0.01    0
1.342857142857143    0.0076666    0
1.342857142857143    0.00782216    0
1.342857142857143    0.00797772    0
1.342857142857143    0.00813328    0
1.342857142857143    0.00828884    0
1.342857142857143    0.0084444    0
1.342857142857143    0.00859996    0
1.342857142857143    0.00875552    0
1.342857142857143    0.00891108    0
1.342857142857143    0.00906664    0
1.342857142857143    0.0092222    0
1.342857142857143    0.00937776    0
1.342857142857143    0.00953332    0
1.342857142857143    0.00968888    0
1.342857142857143    0.00984444    0
1.342857142857143    0.01    0
1.4    0.0076666    1
1.4    0.00782216    0
1.4    0.00797772    0
1.4    0.00813328    0
1.4    0.00828884    0
1.4    0.0084444    0
1.4    0.00859996    0
1.4    0.00875552    0
1.4    0.00891108    0
1.4    0.00906664    0
1.4    0.0092222    0
1.4    0.00937776    0
1.4    0.00953332    0
1.4    0.00968888    0
1.4    0.00984444    0
1.4    0.01    0
1.4571428571428573    0.0076666    1
1.4571428571428573    0.00782216    1
1.4571428571428573    0.00797772    1
1.4571428571428573    0.00813328    1
1.4571428571428573    0.00828884    1
1.4571428571428573    0.0084444    1
1.4571428571428573    0.00859996    1
1.4571428571428573    0.00875552    1
1.4571428571428573    0.00891108    1
1.4571428571428573    0.00906664    1
1.4571428571428573    0.0092222    1
1.4571428571428573    0.00937776    1
1.4571428571428573    0.00953332    1
1.4571428571428573    0.00968888    1
1.4571428571428573    0.00984444    1
1.4571428571428573    0.01    1
1.5142857142857142    0.0076666    1
1.5142857142857142    0.00782216    1
1.5142857142857142    0.00797772    1
1.5142857142857142    0.00813328    1
1.5142857142857142    0.00828884    1
1.5142857142857142    0.0084444    1
1.5142857142857142    0.00859996    1
1.5142857142857142    0.00875552    1
1.5142857142857142    0.00891108    1
1.5142857142857142    0.00906664    1
1.5142857142857142    0.0092222    1
1.5142857142857142    0.00937776    1
1.5142857142857142    0.00953332    1
1.5142857142857142    0.00968888    1
1.5142857142857142    0.00984444    1
1.5142857142857142    0.01    1
1.5714285714285716    0.0076666    1
1.5714285714285716    0.00782216    1
1.5714285714285716    0.00797772    1
1.5714285714285716    0.00813328    1
1.5714285714285716    0.00828884    1
1.5714285714285716    0.0084444    1
1.5714285714285716    0.00859996    1
1.5714285714285716    0.00875552    1
1.5714285714285716    0.00891108    1
1.5714285714285716    0.00906664    1
1.5714285714285716    0.0092222    1
1.5714285714285716    0.00937776    1
1.5714285714285716    0.00953332    1
1.5714285714285716    0.00968888    1
1.5714285714285716    0.00984444    1
1.5714285714285716    0.01    1
1.6285714285714286    0.0076666    1
1.6285714285714286    0.00782216    1
1.6285714285714286    0.00797772    1
1.6285714285714286    0.00813328    1
1.6285714285714286    0.00828884    1
1.6285714285714286    0.0084444    1
1.6285714285714286    0.00859996    1
1.6285714285714286    0.00875552    1
1.6285714285714286    0.00891108    1
1.6285714285714286    0.00906664    1
1.6285714285714286    0.0092222    1
1.6285714285714286    0.00937776    1
1.6285714285714286    0.00953332    1
1.6285714285714286    0.00968888    1
1.6285714285714286    0.00984444    1
1.6285714285714286    0.01    1
1.6857142857142857    0.0076666    1
1.6857142857142857    0.00782216    1
1.6857142857142857    0.00797772    1
1.6857142857142857    0.00813328    1
1.6857142857142857    0.00828884    1
1.6857142857142857    0.0084444    1
1.6857142857142857    0.00859996    0
1.6857142857142857    0.00875552    0
1.6857142857142857    0.00891108    0
1.6857142857142857    0.00906664    0
1.6857142857142857    0.0092222    0
1.6857142857142857    0.00937776    0
1.6857142857142857    0.00953332    0
1.6857142857142857    0.00968888    0
1.6857142857142857    0.00984444    0
1.6857142857142857    0.01    0
1.7428571428571429    0.0076666    0
1.7428571428571429    0.00782216    0
1.7428571428571429    0.00797772    0
1.7428571428571429    0.00813328    0
1.7428571428571429    0.00828884    0
1.7428571428571429    0.0084444    0
1.7428571428571429    0.00859996    0
1.7428571428571429    0.00875552    0
1.7428571428571429    0.00891108    0
1.7428571428571429    0.00906664    0
1.7428571428571429    0.0092222    0
1.7428571428571429    0.00937776    0
1.7428571428571429    0.00953332    0
1.7428571428571429    0.00968888    0
1.7428571428571429    0.00984444    0
1.7428571428571429    0.01    0
1.8    0.0076666    0
1.8    0.00782216    0
1.8    0.00797772    0
1.8    0.00813328    0
1.8    0.00828884    0
1.8    0.0084444    0
1.8    0.00859996    0
1.8    0.00875552    0
1.8    0.00891108    0
1.8    0.00906664    0
1.8    0.0092222    0
1.8    0.00937776    0
1.8    0.00953332    0
1.8    0.00968888    0
1.8    0.00984444    0
1.8    0.01    0
1.0    0.01016666    0
1.0    0.010322215999999999    0
1.0    0.010477772    0
1.0    0.010633328    0
1.0    0.010788884    0
1.0    0.01094444    0
1.0    0.011099995999999999    0
1.0    0.011255552    0
1.0    0.011411108    0
1.0    0.011566664    0
1.0    0.01172222    0
1.0    0.011877776    0
1.0    0.012033332    0
1.0    0.012188888    0
1.0    0.012344444000000001    0
1.0    0.0125    0
1.0571428571428572    0.01016666    0
1.0571428571428572    0.010322215999999999    0
1.0571428571428572    0.010477772    0
1.0571428571428572    0.010633328    0
1.0571428571428572    0.010788884    0
1.0571428571428572    0.01094444    0
1.0571428571428572    0.011099995999999999    0
1.0571428571428572    0.011255552    0
1.0571428571428572    0.011411108    0
1.0571428571428572    0.011566664    0
1.0571428571428572    0.01172222    0
1.0571428571428572    0.011877776    0
1.0571428571428572    0.012033332    0
1.0571428571428572    0.012188888    0
1.0571428571428572    0.012344444000000001    0
1.0571428571428572    0.0125    0
1.1142857142857143    0.01016666    0
1.1142857142857143    0.010322215999999999    0
1.1142857142857143    0.010477772    0
1.1142857142857143    0.010633328    0
1.1142857142857143    0.010788884    0
1.1142857142857143    0.01094444    0
1.1142857142857143    0.011099995999999999    0
1.1142857142857143    0.011255552    0
1.1142857142857143    0.011411108    0
1.1142857142857143    0.011566664    0
1.1142857142857143    0.01172222    0
1.1142857142857143    0.011877776    0
1.1142857142857143    0.012033332    0
1.1142857142857143    0.012188888    0
1.1142857142857143    0.012344444000000001    0
1.1142857142857143    0.0125    0
1.1714285714285715    0.01016666    0
1.1714285714285715    0.010322215999999999    0
1.1714285714285715    0.010477772    0
1.1714285714285715    0.010633328    0
1.1714285714285715    0.010788884    0
1.1714285714285715    0.01094444    0
1.1714285714285715    0.011099995999999999    0
1.1714285714285715    0.011255552    0
1.1714285714285715    0.011411108    0
1.1714285714285715    0.011566664    0
1.1714285714285715    0.01172222    0
1.1714285714285715    0.011877776    0
1.1714285714285715    0.012033332    0
1.1714285714285715    0.012188888    0
1.1714285714285715    0.012344444000000001    0
1.1714285714285715    0.0125    0
1.2285714285714286    0.01016666    0
1.2285714285714286    0.010322215999999999    0
1.2285714285714286    0.010477772    0
1.2285714285714286    0.010633328    0
1.2285714285714286    0.010788884    0
1.2285714285714286    0.01094444    0
1.2285714285714286    0.011099995999999999    0
1.2285714285714286    0.011255552    0
1.2285714285714286    0.011411108    0
1.2285714285714286    0.011566664    0
1.2285714285714286    0.01172222    0
1.2285714285714286    0.011877776    0
1.2285714285714286    0.012033332    0
1.2285714285714286    0.012188888    0
1.2285714285714286    0.012344444000000001    0
1.2285714285714286    0.0125    0
1.2857142857142858    0.01016666    0
1.2857142857142858    0.010322215999999999    0
1.2857142857142858    0.010477772    0
1.2857142857142858    0.010633328    0
1.2857142857142858    0.010788884    0
1.2857142857142858    0.01094444    0
1.2857142857142858    0.011099995999999999    0
1.2857142857142858    0.011255552    0
1.2857142857142858    0.011411108    0
1.2857142857142858    0.011566664    0
1.2857142857142858    0.01172222    0
1.2857142857142858    0.011877776    0
1.2857142857142858    0.012033332    0
1.2857142857142858    0.012188888    0
1.2857142857142858    0.012344444000000001    0
1.2857142857142858    0.0125    0
1.342857142857143    0.01016666    0
1.342857142857143    0.010322215999999999    0
1.342857142857143    0.010477772    0
1.342857142857143    0.010633328    0
1.342857142857143    0.010788884    0
1.342857142857143    0.01094444    0
1.342857142857143    0.011099995999999999    0
1.342857142857143    0.011255552    0
1.342857142857143    0.011411108    0
1.342857142857143    0.011566664    0
1.342857142857143    0.01172222    0
1.342857142857143    0.011877776    0
1.342857142857143    0.012033332    0
1.342857142857143    0.012188888    0
1.342857142857143    0.012344444000000001    0
1.342857142857143    0.0125    0
1.4    0.01016666    0
1.4    0.010322215999999999    0
1.4    0.010477772    0
1.4    0.010633328    0
1.4    0.010788884    0
1.4    0.01094444    0
1.4    0.011099995999999999    0
1.4    0.011255552    0
1.4    0.011411108    0
1.4    0.011566664    0
1.4    0.01172222    0
1.4    0.011877776    0
1.4    0.012033332    0
1.4    0.012188888    0
1.4    0.012344444000000001    0
1.4    0.0125    0
1.4571428571428573    0.01016666    1
1.4571428571428573    0.010322215999999999    1
1.4571428571428573    0.010477772    1
1.4571428571428573    0.010633328    1
1.4571428571428573    0.010788884    1
1.4571428571428573    0.01094444    1
1.4571428571428573    0.011099995999999999    1
1.4571428571428573    0.011255552    1
1.4571428571428573    0.011411108    1
1.4571428571428573    0.011566664    1
1.4571428571428573    0.01172222    1
1.4571428571428573    0.011877776    0
1.4571428571428573    0.012033332    0
1.4571428571428573    0.012188888    0
1.4571428571428573    0.012344444000000001    0
1.4571428571428573    0.0125    0
1.5142857142857142    0.01016666    1
1.5142857142857142    0.010322215999999999    1
1.5142857142857142    0.010477772    1
1.5142857142857142    0.010633328    1
1.5142857142857142    0.010788884    1
1.5142857142857142    0.01094444    1
1.5142857142857142    0.011099995999999999    1
1.5142857142857142    0.011255552    1
1.5142857142857142    0.011411108    1
1.5142857142857142    0.011566664    1
1.5142857142857142    0.01172222    1
1.5142857142857142    0.011877776    1
1.5142857142857142    0.012033332    1
1.5142857142857142    0.012188888    1
1.5142857142857142    0.012344444000000001    1
1.5142857142857142    0.0125    1
1.5714285714285716    0.01016666    1
1.5714285714285716    0.010322215999999999    1
1.5714285714285716    0.010477772    1
1.5714285714285716    0.010633328    1
1.5714285714285716    0.010788884    1
1.5714285714285716    0.01094444    1
1.5714285714285716    0.011099995999999999    1
1.5714285714285716    0.011255552    1
1.5714285714285716    0.011411108    1
1.5714285714285716    0.011566664    1
1.5714285714285716    0.01172222    1
1.5714285714285716    0.011877776    1
1.5714285714285716    0.012033332    1
1.5714285714285716    0.012188888    1
1.5714285714285716    0.012344444000000001    1
1.5714285714285716    0.0125    1
1.6285714285714286    0.01016666    1
1.6285714285714286    0.010322215999999999    1
1.6285714285714286    0.010477772    1
1.6285714285714286    0.010633328    1
1.6285714285714286    0.010788884    1
1.6285714285714286    0.01094444    1
1.6285714285714286    0.011099995999999999    1
1.6285714285714286    0.011255552    1
1.6285714285714286    0.011411108    1
1.6285714285714286    0.011566664    0
1.6285714285714286    0.01172222    0
1.6285714285714286    0.011877776    0
1.6285714285714286    0.012033332    0
1.6285714285714286    0.012188888    0
1.6285714285714286    0.012344444000000001    0
1.6285714285714286    0.0125    0
1.6857142857142857    0.01016666    0
1.6857142857142857    0.010322215999999999    0
1.6857142857142857    0.010477772    0
1.6857142857142857    0.010633328    0
1.6857142857142857    0.010788884    0
1.6857142857142857    0.01094444    0
1.6857142857142857    0.011099995999999999    0
1.6857142857142857    0.011255552    0
1.6857142857142857    0.011411108    0
1.6857142857142857    0.011566664    0
1.6857142857142857    0.01172222    0
1.6857142857142857    0.011877776    0
1.6857142857142857    0.012033332    0
1.6857142857142857    0.012188888    0
1.6857142857142857    0.012344444000000001    0
1.6857142857142857    0.0125    0
1.7428571428571429    0.01016666    0
1.7428571428571429    0.010322215999999999    0
1.7428571428571429    0.010477772    0
1.7428571428571429    0.010633328    0
1.7428571428571429    0.010788884    0
1.7428571428571429    0.01094444    0
1.7428571428571429    0.011099995999999999    0
1.7428571428571429    0.011255552    0
1.7428571428571429    0.011411108    0
1.7428571428571429    0.011566664    0
1.7428571428571429    0.01172222    0
1.7428571428571429    0.011877776    0
1.7428571428571429    0.012033332    0
1.7428571428571429    0.012188888    0
1.7428571428571429    0.012344444000000001    0
1.7428571428571429    0.0125    0
1.8    0.01016666    0
1.8    0.010322215999999999    0
1.8    0.010477772    0
1.8    0.010633328    0
1.8    0.010788884    0
1.8    0.01094444    0
1.8    0.011099995999999999    0
1.8    0.011255552    0
1.8    0.011411108    0
1.8    0.011566664    0
1.8    0.01172222    0
1.8    0.011877776    0
1.8    0.012033332    0
1.8    0.012188888    0
1.8    0.012344444000000001    0
1.8    0.0125    0
1.0    0.01266666    0
1.0    0.012822215999999999    0
1.0    0.012977772    0
1.0    0.013133328    0
1.0    0.013288883999999999    0
1.0    0.01344444    0
1.0    0.013599996    0
1.0    0.013755551999999999    0
1.0    0.013911108    0
1.0    0.014066664    0
1.0    0.014222219999999999    0
1.0    0.014377776    0
1.0    0.014533332    0
1.0    0.014688887999999999    0
1.0    0.014844443999999998    0
1.0    0.015    0
1.0571428571428572    0.01266666    0
1.0571428571428572    0.012822215999999999    0
1.0571428571428572    0.012977772    0
1.0571428571428572    0.013133328    0
1.0571428571428572    0.013288883999999999    0
1.0571428571428572    0.01344444    0
1.0571428571428572    0.013599996    0
1.0571428571428572    0.013755551999999999    0
1.0571428571428572    0.013911108    0
1.0571428571428572    0.014066664    0
1.0571428571428572    0.014222219999999999    0
1.0571428571428572    0.014377776    0
1.0571428571428572    0.014533332    0
1.0571428571428572    0.014688887999999999    0
1.0571428571428572    0.014844443999999998    0
1.0571428571428572    0.015    0
1.1142857142857143    0.01266666    0
1.1142857142857143    0.012822215999999999    0
1.1142857142857143    0.012977772    0
1.1142857142857143    0.013133328    0
1.1142857142857143    0.013288883999999999    0
1.1142857142857143    0.01344444    0
1.1142857142857143    0.013599996    0
1.1142857142857143    0.013755551999999999    0
1.1142857142857143    0.013911108    0
1.1142857142857143    0.014066664    0
1.1142857142857143    0.014222219999999999    0
1.1142857142857143    0.014377776    0
1.1142857142857143    0.014533332    0
1.1142857142857143    0.014688887999999999    0
1.1142857142857143    0.014844443999999998    0
1.1142857142857143    0.015    0
1.1714285714285715    0.01266666    0
1.1714285714285715    0.012822215999999999    0
1.1714285714285715    0.012977772    0
1.1714285714285715    0.013133328    0
1.1714285714285715    0.013288883999999999    0
1.1714285714285715    0.01344444    0
1.1714285714285715    0.013599996    0
1.1714285714285715    0.013755551999999999    0
1.1714285714285715    0.013911108    0
1.1714285714285715    0.014066664    0
1.1714285714285715    0.014222219999999999    0
1.1714285714285715    0.014377776    0
1.1714285714285715    0.014533332    0
1.1714285714285715    0.014688887999999999    0
1.1714285714285715    0.014844443999999998    0
1.1714285714285715    0.015    0
1.2285714285714286    0.01266666    0
1.2285714285714286    0.012822215999999999    0
1.2285714285714286    0.012977772    0
1.2285714285714286    0.013133328    0
1.2285714285714286    0.013288883999999999    0
1.2285714285714286    0.01344444    0
1.2285714285714286    0.013599996    0
1.2285714285714286    0.013755551999999999    0
1.2285714285714286    0.013911108    0
1.2285714285714286    0.014066664    0
1.2285714285714286    0.014222219999999999    0
1.2285714285714286    0.014377776    0
1.2285714285714286    0.014533332    0
1.2285714285714286    0.014688887999999999    0
1.2285714285714286    0.014844443999999998    0
1.2285714285714286    0.015    0
1.2857142857142858    0.01266666    0
1.2857142857142858    0.012822215999999999    0
1.2857142857142858    0.012977772    0
1.2857142857142858    0.013133328    0
1.2857142857142858    0.013288883999999999    0
1.2857142857142858    0.01344444    0
1.2857142857142858    0.013599996    0
1.2857142857142858    0.013755551999999999    0
1.2857142857142858    0.013911108    0
1.2857142857142858    0.014066664    0
1.2857142857142858    0.014222219999999999    0
1.2857142857142858    0.014377776    0
1.2857142857142858    0.014533332    0
1.2857142857142858    0.014688887999999999    0
1.2857142857142858    0.014844443999999998    0
1.2857142857142858    0.015    0
1.342857142857143    0.01266666    0
1.342857142857143    0.012822215999999999    0
1.342857142857143    0.012977772    0
1.342857142857143    0.013133328    0
1.342857142857143    0.013288883999999999    0
1.342857142857143    0.01344444    0
1.342857142857143    0.013599996    0
1.342857142857143    0.013755551999999999    0
1.342857142857143    0.013911108    0
1.342857142857143    0.014066664    0
1.342857142857143    0.014222219999999999    0
1.342857142857143    0.014377776    0
1.342857142857143    0.014533332    0
1.342857142857143    0.014688887999999999    0
1.342857142857143    0.014844443999999998    0
1.342857142857143    0.015    0
1.4    0.01266666    0
1.4    0.012822215999999999    0
1.4    0.012977772    0
1.4    0.013133328    0
1.4    0.013288883999999999    0
1.4    0.01344444    0
1.4    0.013599996    0
1.4    0.013755551999999999    0
1.4    0.013911108    0
1.4    0.014066664    0
1.4    0.014222219999999999    0
1.4    0.014377776    0
1.4    0.014533332    0
1.4    0.014688887999999999    0
1.4    0.014844443999999998    0
1.4    0.015    0
1.4571428571428573    0.01266666    0
1.4571428571428573    0.012822215999999999    0
1.4571428571428573    0.012977772    0
1.4571428571428573    0.013133328    0
1.4571428571428573    0.013288883999999999    0
1.4571428571428573    0.01344444    0
1.4571428571428573    0.013599996    0
1.4571428571428573    0.013755551999999999    0
1.4571428571428573    0.013911108    0
1.4571428571428573    0.014066664    0
1.4571428571428573    0.014222219999999999    0
1.4571428571428573    0.014377776    0
1.4571428571428573    0.014533332    0
1.4571428571428573    0.014688887999999999    0
1.4571428571428573    0.014844443999999998    0
1.4571428571428573    0.015    0
1.5142857142857142    0.01266666    1
1.5142857142857142    0.012822215999999999    1
1.5142857142857142    0.012977772    1
1.5142857142857142    0.013133328    1
1.5142857142857142    0.013288883999999999    1
1.5142857142857142    0.01344444    1
1.5142857142857142    0.013599996    1
1.5142857142857142    0.013755551999999999    0
1.5142857142857142    0.013911108    0
1.5142857142857142    0.014066664    0
1.5142857142857142    0.014222219999999999    0
1.5142857142857142    0.014377776    0
1.5142857142857142    0.014533332    0
1.5142857142857142    0.014688887999999999    0
1.5142857142857142    0.014844443999999998    0
1.5142857142857142    0.015    0
1.5714285714285716    0.01266666    1
1.5714285714285716    0.012822215999999999    1
1.5714285714285716    0.012977772    1
1.5714285714285716    0.013133328    1
1.5714285714285716    0.013288883999999999    1
1.5714285714285716    0.01344444    0
1.5714285714285716    0.013599996    0
1.5714285714285716    0.013755551999999999    0
1.5714285714285716    0.013911108    0
1.5714285714285716    0.014066664    0
1.5714285714285716    0.014222219999999999    0
1.5714285714285716    0.014377776    0
1.5714285714285716    0.014533332    0
1.5714285714285716    0.014688887999999999    0
1.5714285714285716    0.014844443999999998    0
1.5714285714285716    0.015    0
1.6285714285714286    0.01266666    0
1.6285714285714286    0.012822215999999999    0
1.6285714285714286    0.012977772    0
1.6285714285714286    0.013133328    0
1.6285714285714286    0.013288883999999999    0
1.6285714285714286    0.01344444    0
1.6285714285714286    0.013599996    0
1.6285714285714286    0.013755551999999999    0
1.6285714285714286    0.013911108    0
1.6285714285714286    0.014066664    0
1.6285714285714286    0.014222219999999999    0
1.6285714285714286    0.014377776    0
1.6285714285714286    0.014533332    0
1.6285714285714286    0.014688887999999999    0
1.6285714285714286    0.014844443999999998    0
1.6285714285714286    0.015    0
1.6857142857142857    0.01266666    0
1.6857142857142857    0.012822215999999999    0
1.6857142857142857    0.012977772    0
1.6857142857142857    0.013133328    0
1.6857142857142857    0.013288883999999999    0
1.6857142857142857    0.01344444    0
1.6857142857142857    0.013599996    0
1.6857142857142857    0.013755551999999999    0
1.6857142857142857    0.013911108    0
1.6857142857142857    0.014066664    0
1.6857142857142857    0.014222219999999999    0
1.6857142857142857    0.014377776    0
1.6857142857142857    0.014533332    0
1.6857142857142857    0.014688887999999999    0
1.6857142857142857    0.014844443999999998    0
1.6857142857142857    0.015    0
1.7428571428571429    0.01266666    0
1.7428571428571429    0.012822215999999999    0
1.7428571428571429    0.012977772    0
1.7428571428571429    0.013133328    0
1.7428571428571429    0.013288883999999999    0
1.7428571428571429    0.01344444    0
1.7428571428571429    0.013599996    0
1.7428571428571429    0.013755551999999999    0
1.7428571428571429    0.013911108    0
1.7428571428571429    0.014066664    0
1.7428571428571429    0.014222219999999999    0
1.7428571428571429    0.014377776    0
1.7428571428571429    0.014533332    0
1.7428571428571429    0.014688887999999999    0
1.7428571428571429    0.014844443999999998    0
1.7428571428571429    0.015    0
1.8    0.01266666    0
1.8    0.012822215999999999    0
1.8    0.012977772    0
1.8    0.013133328    0
1.8    0.013288883999999999    0
1.8    0.01344444    0
1.8    0.013599996    0
1.8    0.013755551999999999    0
1.8    0.013911108    0
1.8    0.014066664    0
1.8    0.014222219999999999    0
1.8    0.014377776    0
1.8    0.014533332    0
1.8    0.014688887999999999    0
1.8    0.014844443999999998    0
1.8    0.015    0
1.0    0.01266666    0
1.0    0.012822215999999999    0
1.0    0.012977772    0
1.0    0.013133328    0
1.0    0.013288883999999999    0
1.0    0.01344444    0
1.0    0.013599996    0
1.0    0.013755551999999999    0
1.0    0.013911108    0
1.0    0.014066664    0
1.0    0.014222219999999999    0
1.0    0.014377776    0
1.0    0.014533332    0
1.0    0.014688887999999999    0
1.0    0.014844443999999998    0
1.0    0.015    0
1.0571428571428572    0.01266666    0
1.0571428571428572    0.012822215999999999    0
1.0571428571428572    0.012977772    0
1.0571428571428572    0.013133328    0
1.0571428571428572    0.013288883999999999    0
1.0571428571428572    0.01344444    0
1.0571428571428572    0.013599996    0
1.0571428571428572    0.013755551999999999    0
1.0571428571428572    0.013911108    0
1.0571428571428572    0.014066664    0
1.0571428571428572    0.014222219999999999    0
1.0571428571428572    0.014377776    0
1.0571428571428572    0.014533332    0
1.0571428571428572    0.014688887999999999    0
1.0571428571428572    0.014844443999999998    0
1.0571428571428572    0.015    0
1.1142857142857143    0.01266666    0
1.1142857142857143    0.012822215999999999    0
1.1142857142857143    0.012977772    0
1.1142857142857143    0.013133328    0
1.1142857142857143    0.013288883999999999    0
1.1142857142857143    0.01344444    0
1.1142857142857143    0.013599996    0
1.1142857142857143    0.013755551999999999    0
1.1142857142857143    0.013911108    0
1.1142857142857143    0.014066664    0
1.1142857142857143    0.014222219999999999    0
1.1142857142857143    0.014377776    0
1.1142857142857143    0.014533332    0
1.1142857142857143    0.014688887999999999    0
1.1142857142857143    0.014844443999999998    0
1.1142857142857143    0.015    0
1.1714285714285715    0.01266666    0
1.1714285714285715    0.012822215999999999    0
1.1714285714285715    0.012977772    0
1.1714285714285715    0.013133328    0
1.1714285714285715    0.013288883999999999    0
1.1714285714285715    0.01344444    0
1.1714285714285715    0.013599996    0
1.1714285714285715    0.013755551999999999    0
1.1714285714285715    0.013911108    0
1.1714285714285715    0.014066664    0
1.1714285714285715    0.014222219999999999    0
1.1714285714285715    0.014377776    0
1.1714285714285715    0.014533332    0
1.1714285714285715    0.014688887999999999    0
1.1714285714285715    0.014844443999999998    0
1.1714285714285715    0.015    0
1.2285714285714286    0.01266666    0
1.2285714285714286    0.012822215999999999    0
1.2285714285714286    0.012977772    0
1.2285714285714286    0.013133328    0
1.2285714285714286    0.013288883999999999    0
1.2285714285714286    0.01344444    0
1.2285714285714286    0.013599996    0
1.2285714285714286    0.013755551999999999    0
1.2285714285714286    0.013911108    0
1.2285714285714286    0.014066664    0
1.2285714285714286    0.014222219999999999    0
1.2285714285714286    0.014377776    0
1.2285714285714286    0.014533332    0
1.2285714285714286    0.014688887999999999    0
1.2285714285714286    0.014844443999999998    0
1.2285714285714286    0.015    0
1.2857142857142858    0.01266666    0
1.2857142857142858    0.012822215999999999    0
1.2857142857142858    0.012977772    0
1.2857142857142858    0.013133328    0
1.2857142857142858    0.013288883999999999    0
1.2857142857142858    0.01344444    0
1.2857142857142858    0.013599996    0
1.2857142857142858    0.013755551999999999    0
1.2857142857142858    0.013911108    0
1.2857142857142858    0.014066664    0
1.2857142857142858    0.014222219999999999    0
1.2857142857142858    0.014377776    0
1.2857142857142858    0.014533332    0
1.2857142857142858    0.014688887999999999    0
1.2857142857142858    0.014844443999999998    0
1.2857142857142858    0.015    0
1.342857142857143    0.01266666    0
1.342857142857143    0.012822215999999999    0
1.342857142857143    0.012977772    0
1.342857142857143    0.013133328    0
1.342857142857143    0.013288883999999999    0
1.342857142857143    0.01344444    0
1.342857142857143    0.013599996    0
1.342857142857143    0.013755551999999999    0
1.342857142857143    0.013911108    0
1.342857142857143    0.014066664    0
1.342857142857143    0.014222219999999999    0
1.342857142857143    0.014377776    0
1.342857142857143    0.014533332    0
1.342857142857143    0.014688887999999999    0
1.342857142857143    0.014844443999999998    0
1.342857142857143    0.015    0
1.4    0.01266666    0
1.4    0.012822215999999999    0
1.4    0.012977772    0
1.4    0.013133328    0
1.4    0.013288883999999999    0
1.4    0.01344444    0
1.4    0.013599996    0
1.4    0.013755551999999999    0
1.4    0.013911108    0
1.4    0.014066664    0
1.4    0.014222219999999999    0
1.4    0.014377776    0
1.4    0.014533332    0
1.4    0.014688887999999999    0
1.4    0.014844443999999998    0
1.4    0.015    0
1.4571428571428573    0.01266666    0
1.4571428571428573    0.012822215999999999    0
1.4571428571428573    0.012977772    0
1.4571428571428573    0.013133328    0
1.4571428571428573    0.013288883999999999    0
1.4571428571428573    0.01344444    0
1.4571428571428573    0.013599996    0
1.4571428571428573    0.013755551999999999    0
1.4571428571428573    0.013911108    0
1.4571428571428573    0.014066664    0
1.4571428571428573    0.014222219999999999    0
1.4571428571428573    0.014377776    0
1.4571428571428573    0.014533332    0
1.4571428571428573    0.014688887999999999    0
1.4571428571428573    0.014844443999999998    0
1.4571428571428573    0.015    0
1.5142857142857142    0.01266666    1
1.5142857142857142    0.012822215999999999    1
1.5142857142857142    0.012977772    1
1.5142857142857142    0.013133328    1
1.5142857142857142    0.013288883999999999    1
1.5142857142857142    0.01344444    1
1.5142857142857142    0.013599996    1
1.5142857142857142    0.013755551999999999    0
1.5142857142857142    0.013911108    0
1.5142857142857142    0.014066664    0
1.5142857142857142    0.014222219999999999    0
1.5142857142857142    0.014377776    0
1.5142857142857142    0.014533332    0
1.5142857142857142    0.014688887999999999    0
1.5142857142857142    0.014844443999999998    0
1.5142857142857142    0.015    0
1.5714285714285716    0.01266666    1
1.5714285714285716    0.012822215999999999    1
1.5714285714285716    0.012977772    1
1.5714285714285716    0.013133328    1
1.5714285714285716    0.013288883999999999    1
1.5714285714285716    0.01344444    0
1.5714285714285716    0.013599996    0
1.5714285714285716    0.013755551999999999    0
1.5714285714285716    0.013911108    0
1.5714285714285716    0.014066664    0
1.5714285714285716    0.014222219999999999    0
1.5714285714285716    0.014377776    0
1.5714285714285716    0.014533332    0
1.5714285714285716    0.014688887999999999    0
1.5714285714285716    0.014844443999999998    0
1.5714285714285716    0.015    0
1.6285714285714286    0.01266666    0
1.6285714285714286    0.012822215999999999    0
1.6285714285714286    0.012977772    0
1.6285714285714286    0.013133328    0
1.6285714285714286    0.013288883999999999    0
1.6285714285714286    0.01344444    0
1.6285714285714286    0.013599996    0
1.6285714285714286    0.013755551999999999    0
1.6285714285714286    0.013911108    0
1.6285714285714286    0.014066664    0
1.6285714285714286    0.014222219999999999    0
1.6285714285714286    0.014377776    0
1.6285714285714286    0.014533332    0
1.6285714285714286    0.014688887999999999    0
1.6285714285714286    0.014844443999999998    0
1.6285714285714286    0.015    0
1.6857142857142857    0.01266666    0
1.6857142857142857    0.012822215999999999    0
1.6857142857142857    0.012977772    0
1.6857142857142857    0.013133328    0
1.6857142857142857    0.013288883999999999    0
1.6857142857142857    0.01344444    0
1.6857142857142857    0.013599996    0
1.6857142857142857    0.013755551999999999    0
1.6857142857142857    0.013911108    0
1.6857142857142857    0.014066664    0
1.6857142857142857    0.014222219999999999    0
1.6857142857142857    0.014377776    0
1.6857142857142857    0.014533332    0
1.6857142857142857    0.014688887999999999    0
1.6857142857142857    0.014844443999999998    0
1.6857142857142857    0.015    0
1.7428571428571429    0.01266666    0
1.7428571428571429    0.012822215999999999    0
1.7428571428571429    0.012977772    0
1.7428571428571429    0.013133328    0
1.7428571428571429    0.013288883999999999    0
1.7428571428571429    0.01344444    0
1.7428571428571429    0.013599996    0
1.7428571428571429    0.013755551999999999    0
1.7428571428571429    0.013911108    0
1.7428571428571429    0.014066664    0
1.7428571428571429    0.014222219999999999    0
1.7428571428571429    0.014377776    0
1.7428571428571429    0.014533332    0
1.7428571428571429    0.014688887999999999    0
1.7428571428571429    0.014844443999999998    0
1.7428571428571429    0.015    0
1.8    0.01266666    0
1.8    0.012822215999999999    0
1.8    0.012977772    0
1.8    0.013133328    0
1.8    0.013288883999999999    0
1.8    0.01344444    0
1.8    0.013599996    0
1.8    0.013755551999999999    0
1.8    0.013911108    0
1.8    0.014066664    0
1.8    0.014222219999999999    0
1.8    0.014377776    0
1.8    0.014533332    0
1.8    0.014688887999999999    0
1.8    0.014844443999999998    0
1.8    0.015    0
